1 100 1000
1 90 920
1 80 800
1 70 730
1 60 600
1 50 510
1 40 400
1 30 370
1 20 200
1 10 130
1 200 2000
1 190 1940
1 180 1800
1 170 1760
1 160 1600
1 150 1500
1 140 1400
1 130 1320
1 120 1230
1 110 1100
1 300 3020
1 290 2930
1 280 2870
1 270 2700
1 260 2600
1 250 2500
1 240 2430
1 230 2300
1 220 2210
1 210 2100
1 400 4020
1 390 3900
1 380 3830
1 370 3700
1 360 3600
1 350 3530
1 340 3400
1 330 3300
1 320 3200
1 310 3120
1 500 5000
1 490 4900
1 480 4800
1 470 4700
1 460 4600
1 450 4500
1 440 4400
1 430 4380
1 420 4200
1 410 4160
 